Rasters/example1.asc
NCOLS      1022
NROWS       244
XLLCENTER          2.613020
YLLCENTER        -94.812798
CELLSIZE           0.400
NODATA_VALUE     -9999.0
[rows 24 to 47 of 244, columns 108 to 161 of 1022]
0.1048253E-01 0.9134500E-02 0.7611210E-02 0.6164365E-02 0.4811223E-02 0.4115892E-02 -9999.000 -9999.000 -9999.000 -9999.000 -9999.000 -9999.000 -9999.000 -9999.000 -9999.000 -9999.000 -9999.000 -9999.000 -9999.000 -9999.000 -9999.000 -9999.000 -9999.000 -9999.000 -9999.000 -9999.000 -9999.000 -9999.000 -9999.000 -9999.000 -9999.000 -9999.000 -9999.000 -9999.000 -9999.000 -9999.000 -9999.000 -9999.000 0.1668783E-02 0.2929243E-02 0.5964460E-02 0.1006762E-01 0.1430098E-01 0.1792117E-01 0.1974930E-01 0.2068018E-01 0.2116317E-01 0.2097349E-01 0.2040403E-01 0.1925944E-01 0.1743878E-01 0.1548205E-01 0.1373143E-01 0.1168574E-01
0.6865236E-02 0.5820142E-02 0.4224355E-02 0.3157167E-02 -9999.000 -9999.000 -9999.000 -9999.000 -9999.000 -9999.000 -9999.000 -9999.000 -9999.000 -9999.000 -9999.000 -9999.000 -9999.000 -9999.000 -9999.000 -9999.000 -9999.000 -9999.000 -9999.000 -9999.000 -9999.000 -9999.000 -9999.000 -9999.000 -9999.000 -9999.000 -9999.000 -9999.000 -9999.000 -9999.000 -9999.000 -9999.000 -9999.000 -9999.000 0.4153334E-02 0.6971740E-02 0.1104759E-01 0.1542080E-01 0.1945643E-01 0.2239073E-01 0.2327871E-01 0.2385434E-01 0.2400335E-01 0.2312237E-01 0.2229672E-01 0.2117481E-01 0.1947149E-01 0.1756131E-01 0.1631471E-01 0.1482004E-01
0.3324304E-02 -9999.000 -9999.000 -9999.000 -9999.000 -9999.000 -9999.000 -9999.000 -9999.000 -9999.000 -9999.000 -9999.000 -9999.000 -9999.000 -9999.000 -9999.000 -9999.000 -9999.000 -9999.000 -9999.000 -9999.000 -9999.000 -9999.000 -9999.000 -9999.000 -9999.000 -9999.000 -9999.000 -9999.000 -9999.000 -9999.000 -9999.000 -9999.000 -9999.000 -9999.000 -9999.000 -9999.000 0.5044769E-02 0.7589022E-02 0.1146585E-01 0.1604496E-01 0.2039408E-01 0.2378543E-01 0.2574842E-01 0.2593373E-01 0.2620582E-01 0.2609434E-01 0.2477236E-01 0.2347399E-01 0.2245527E-01 0.2131299E-01 0.1966131E-01 0.1892064E-01 0.1810312E-01
-9999.000 -9999.000 -9999.000 -9999.000 -9999.000 -9999.000 -9999.000 -9999.000 -9999.000 -9999.000 -9999.000 -9999.000 -9999.000 -9999.000 -9999.000 -9999.000 -9999.000 -9999.000 -9999.000 -9999.000 -9999.000 -9999.000 -9999.000 -9999.000 -9999.000 -9999.000 -9999.000 -9999.000 -9999.000 -9999.000 -9999.000 -9999.000 -9999.000 -9999.000 -9999.000 -9999.000 0.4581436E-02 0.7776977E-02 0.1171607E-01 0.1621120E-01 0.2086831E-01 0.2455721E-01 0.2675065E-01 0.2755545E-01 0.2722790E-01 0.2697692E-01 0.2592649E-01 0.2356366E-01 0.2169620E-01 0.2091703E-01 0.2076961E-01 0.2022984E-01 0.2001465E-01 0.2001735E-01
-9999.000 -9999.000 -9999.000 -9999.000 -9999.000 -9999.000 -9999.000 -9999.000 -9999.000 -9999.000 -9999.000 -9999.000 -9999.000 -9999.000 -9999.000 -9999.000 -9999.000 -9999.000 -9999.000 -9999.000 -9999.000 -9999.000 -9999.000 -9999.000 -9999.000 -9999.000 -9999.000 -9999.000 -9999.000 -9999.000 -9999.000 -9999.000 -9999.000 -9999.000 -9999.000 0.3360015E-02 0.6760061E-02 0.1147995E-01 0.1590558E-01 0.2042854E-01 0.2433000E-01 0.2678920E-01 0.2747814E-01 0.2672433E-01 0.2514737E-01 0.2318985E-01 0.2030846E-01 0.1709481E-01 0.1540418E-01 0.1484153E-01 0.1564976E-01 0.1732656E-01 0.1887954E-01 0.2026118E-01
-9999.000 -9999.000 -9999.000 -9999.000 -9999.000 -9999.000 -9999.000 -9999.000 -9999.000 -9999.000 -9999.000 -9999.000 -9999.000 -9999.000 -9999.000 -9999.000 -9999.000 -9999.000 -9999.000 -9999.000 -9999.000 -9999.000 -9999.000 -9999.000 -9999.000 -9999.000 -9999.000 -9999.000 -9999.000 -9999.000 -9999.000 -9999.000 -9999.000 -9999.000 -9999.000 0.5220435E-02 0.9853003E-02 0.1511455E-01 0.1958152E-01 0.2338763E-01 0.2595853E-01 0.2687634E-01 0.2598871E-01 0.2345741E-01 0.1971178E-01 0.1604671E-01 0.1264660E-01 0.9654246E-02 0.8251524E-02 0.7014919E-02 0.8362492E-02 0.1202425E-01 0.1483324E-01 0.1775845E-01
-9999.000 -9999.000 -9999.000 -9999.000 -9999.000 -9999.000 -9999.000 -9999.000 -9999.000 -9999.000 -9999.000 -9999.000 -9999.000 -9999.000 -9999.000 -9999.000 -9999.000 -9999.000 -9999.000 -9999.000 -9999.000 -9999.000 -9999.000 -9999.000 -9999.000 -9999.000 -9999.000 -9999.000 -9999.000 -9999.000 -9999.000 -9999.000 -9999.000 -9999.000 0.3385172E-02 0.7585650E-02 0.1333594E-01 0.1894882E-01 0.2291258E-01 0.2548875E-01 0.2650647E-01 0.2570122E-01 0.2326991E-01 0.1931832E-01 0.1435375E-01 0.1093143E-01 0.8978017E-02 0.6692370E-02 0.4913569E-02 0.4051422E-02 0.5394798E-02 0.8048927E-02 0.1061682E-01 0.1407496E-01
-9999.000 -9999.000 -9999.000 -9999.000 -9999.000 -9999.000 -9999.000 -9999.000 -9999.000 -9999.000 -9999.000 -9999.000 -9999.000 -9999.000 -9999.000 -9999.000 -9999.000 -9999.000 -9999.000 -9999.000 -9999.000 -9999.000 -9999.000 -9999.000 -9999.000 -9999.000 -9999.000 -9999.000 -9999.000 -9999.000 -9999.000 -9999.000 -9999.000 0.1612977E-02 0.4973424E-02 0.1095074E-01 0.1749374E-01 0.2275196E-01 0.2571832E-01 0.2673469E-01 0.2597708E-01 0.2352440E-01 0.1969164E-01 0.1510763E-01 0.1065244E-01 0.8637534E-02 0.8288815E-02 0.6805548E-02 0.5031172E-02 0.5243594E-02 0.6190278E-02 0.6551038E-02 0.7496076E-02 0.9922190E-02
-9999.000 -9999.000 -9999.000 -9999.000 -9999.000 -9999.000 -9999.000 -9999.000 -9999.000 -9999.000 -9999.000 -9999.000 -9999.000 -9999.000 -9999.000 -9999.000 -9999.000 -9999.000 -9999.000 -9999.000 -9999.000 -9999.000 -9999.000 -9999.000 -9999.000 -9999.000 -9999.000 -9999.000 -9999.000 -9999.000 -9999.000 -9999.000 -9999.000 0.4890624E-02 0.9335793E-02 0.1605455E-01 0.2235559E-01 0.2632452E-01 0.2781317E-01 0.2706285E-01 0.2463854E-01 0.2100244E-01 0.1653370E-01 0.1226101E-01 0.9379009E-02 0.8633543E-02 0.8366194E-02 0.7159164E-02 0.5511808E-02 0.4734618E-02 0.5145971E-02 0.5329259E-02 0.4841774E-02 0.5221992E-02
-9999.000 -9999.000 -9999.000 -9999.000 -9999.000 -9999.000 -9999.000 -9999.000 -9999.000 -9999.000 -9999.000 -9999.000 -9999.000 -9999.000 -9999.000 -9999.000 -9999.000 -9999.000 -9999.000 -9999.000 -9999.000 -9999.000 -9999.000 -9999.000 -9999.000 -9999.000 0.6936664E-03 -9999.000 -9999.000 -9999.000 0.2553758E-02 0.4194550E-02 0.7005283E-02 0.1053698E-01 0.1589231E-01 0.2243333E-01 0.2746162E-01 0.2967614E-01 0.2957584E-01 0.2728898E-01 0.2361800E-01 0.1937208E-01 0.1503960E-01 0.1142783E-01 0.9813060E-02 0.8849638E-02 0.7282279E-02 0.6046159E-02 0.4464124E-02 0.3003919E-02 -9999.000 0.3806878E-02 0.3215591E-02 0.2319035E-02
-9999.000 -9999.000 -9999.000 -9999.000 -9999.000 -9999.000 -9999.000 -9999.000 -9999.000 -9999.000 -9999.000 -9999.000 -9999.000 -9999.000 -9999.000 -9999.000 -9999.000 -9999.000 -9999.000 0.8606620E-03 0.7897641E-03 0.5995782E-03 -9999.000 0.6329805E-03 0.8717435E-03 0.1547354E-02 0.2377756E-02 0.2963592E-02 0.3366391E-02 0.5331317E-02 0.7950609E-02 0.1067598E-01 0.1423992E-01 0.1862032E-01 0.2395264E-01 0.2938872E-01 0.3269593E-01 0.3320404E-01 0.3162372E-01 0.2820357E-01 0.2379889E-01 0.1936911E-01 0.1537568E-01 0.1219741E-01 0.1012492E-01 0.7177017E-02 0.4288070E-02 0.3576490E-02 0.3480316E-02 -9999.000 0.3093765E-02 0.3423944E-02 0.2799805E-02 0.2353085E-02
-9999.000 -9999.000 -9999.000 -9999.000 -9999.000 -9999.000 -9999.000 -9999.000 -9999.000 -9999.000 -9999.000 -9999.000 -9999.000 -9999.000 -9999.000 -9999.000 -9999.000 -9999.000 -9999.000 0.1338811E-02 0.1154403E-02 0.6862453E-03 0.4690749E-03 -9999.000 -9999.000 0.3595547E-02 0.6521117E-02 0.8619559E-02 0.1034214E-01 0.1390433E-01 0.1846845E-01 0.2211180E-01 0.2585320E-01 0.2995592E-01 0.3425900E-01 0.3769208E-01 0.3892645E-01 0.3770844E-01 0.3469273E-01 0.3046388E-01 0.2582546E-01 0.2149842E-01 0.1758558E-01 0.1443817E-01 0.1110087E-01 0.6801920E-02 0.4015528E-02 0.4199112E-02 -9999.000 0.4812467E-02 0.4630853E-02 0.4577813E-02 -9999.000 0.4426561E-02
-9999.000 -9999.000 -9999.000 -9999.000 -9999.000 -9999.000 -9999.000 -9999.000 -9999.000 -9999.000 -9999.000 -9999.000 -9999.000 -9999.000 -9999.000 0.1297916E-02 0.1796863E-02 0.1651792E-02 0.3208305E-02 0.5965052E-02 -9999.000 -9999.000 -9999.000 -9999.000 0.1069472E-01 0.1523490E-01 0.1943308E-01 0.2224246E-01 0.2478809E-01 0.2903474E-01 0.3408372E-01 0.3814356E-01 0.4160865E-01 0.4455847E-01 0.4675474E-01 0.4743709E-01 0.4619260E-01 0.4324265E-01 0.3905510E-01 0.3428724E-01 0.2954840E-01 0.2546086E-01 0.2169194E-01 0.1851677E-01 0.1563961E-01 0.1268018E-01 0.1068184E-01 0.9935471E-02 0.9107659E-02 0.7807325E-02 0.6963074E-02 0.6354976E-02 0.6042588E-02 0.5957218E-02
-9999.000 -9999.000 -9999.000 -9999.000 -9999.000 -9999.000 -9999.000 -9999.000 -9999.000 -9999.000 -9999.000 -9999.000 -9999.000 -9999.000 -9999.000 -9999.000 0.1540927E-01 -9999.000 0.1896145E-01 0.2141437E-01 0.2433199E-01 0.2667281E-01 0.2880320E-01 0.2982661E-01 0.3430228E-01 0.3992333E-01 0.4302518E-01 0.4556787E-01 0.4807925E-01 0.5129213E-01 0.5473703E-01 0.5756993E-01 0.5950622E-01 0.6029513E-01 0.5972776E-01 0.5753115E-01 0.5391656E-01 0.4936489E-01 0.4425012E-01 0.3916449E-01 0.3439428E-01 0.3048847E-01 0.2715812E-01 0.2435224E-01 0.2284520E-01 0.2090315E-01 0.1846635E-01 0.1624884E-01 0.1361727E-01 0.1138206E-01 0.9586405E-02 0.8235565E-02 0.7561424E-02 0.7189327E-02
-9999.000 -9999.000 -9999.000 -9999.000 -9999.000 -9999.000 0.1413992E-02 -9999.000 -9999.000 -9999.000 -9999.000 0.2235051E-01 0.2662224E-01 0.3025377E-01 0.3373034E-01 0.3773614E-01 0.4122803E-01 0.4509679E-01 0.4864267E-01 0.5076396E-01 0.5220766E-01 0.5440608E-01 0.5766990E-01 0.6087786E-01 0.6458008E-01 0.6759665E-01 0.6886190E-01 0.6994129E-01 0.7106833E-01 0.7199087E-01 0.7269719E-01 0.7299337E-01 0.7243927E-01 0.7071187E-01 0.6770805E-01 0.6359532E-01 0.5858260E-01 0.5306478E-01 0.4767892E-01 0.4281271E-01 0.3842014E-01 0.3479706E-01 0.3203620E-01 0.2987505E-01 0.2854416E-01 0.2625424E-01 0.2341727E-01 0.2084911E-01 0.1790392E-01 0.1576663E-01 0.1366754E-01 0.1142163E-01 0.9819923E-02 0.8946912E-02
-9999.000 -9999.000 -9999.000 -9999.000 -9999.000 -9999.000 0.1327528E-01 0.2099158E-01 0.2937549E-01 0.3736490E-01 0.4631113E-01 0.5525269E-01 0.6198794E-01 0.6626551E-01 0.6954112E-01 0.7254634E-01 0.7524206E-01 0.7883970E-01 0.8185752E-01 0.8270674E-01 0.8272637E-01 0.8279903E-01 0.8369309E-01 0.8501839E-01 0.8682313E-01 0.8839952E-01 0.8814897E-01 0.8785694E-01 0.8736326E-01 0.8571835E-01 0.8378088E-01 0.8136466E-01 0.7831701E-01 0.7455321E-01 0.6971391E-01 0.6424593E-01 0.5875356E-01 0.5319906E-01 0.4816836E-01 0.4372392E-01 0.3989684E-01 0.3699746E-01 0.3495450E-01 0.3310910E-01 0.3157888E-01 0.2973704E-01 0.2736658E-01 0.2465888E-01 0.2186569E-01 0.1997345E-01 0.1791523E-01 0.1529774E-01 0.1298044E-01 0.1060421E-01
-9999.000 -9999.000 0.1092639E-01 0.1811532E-01 0.2666797E-01 0.3576160E-01 0.4607025E-01 0.5734536E-01 0.6839879E-01 0.7660950E-01 0.8286005E-01 0.8884045E-01 0.9440349E-01 0.9829503E-01 0.1000309 0.1002492 0.1002721 0.1011672 0.1029723 0.1035341 0.1022923 0.1000373 0.9770057E-01 0.9603066E-01 0.9552277E-01 0.9520179E-01 0.9355211E-01 0.9237069E-01 0.9061015E-01 0.8719161E-01 0.8337279E-01 0.7923603E-01 0.7483828E-01 0.7023207E-01 0.6493358E-01 0.5936017E-01 0.5434139E-01 0.4963874E-01 0.4570294E-01 0.4240067E-01 0.3968009E-01 0.3770380E-01 0.3611643E-01 0.3465070E-01 0.3347498E-01 0.3220314E-01 0.3038345E-01 0.2786411E-01 0.2522071E-01 0.2325696E-01 0.2116115E-01 0.1859718E-01 0.1615991E-01 0.1214840E-01
0.1699314E-01 0.2598187E-01 0.3740860E-01 0.5093219E-01 0.6345483E-01 0.7483115E-01 0.8529074E-01 0.9455304E-01 0.1022544 0.1076814 0.1111316 0.1136580 0.1153721 0.1158553 0.1148726 0.1127680 0.1107422 0.1088511 0.1079122 0.1068505 0.1042190 0.1008772 0.9743880E-01 0.9415671E-01 0.9103461E-01 0.8787012E-01 0.8447466E-01 0.8115694E-01 0.7772310E-01 0.7379640E-01 0.6964846E-01 0.6555580E-01 0.6144270E-01 0.5735358E-01 0.5336694E-01 0.4958137E-01 0.4620184E-01 0.4326875E-01 0.4099489E-01 0.3931039E-01 0.3794834E-01 0.3680039E-01 0.3595053E-01 0.3512281E-01 0.3433285E-01 0.3334673E-01 0.3201645E-01 0.3029163E-01 0.2824437E-01 0.2634691E-01 0.2410979E-01 0.2148050E-01 0.1897688E-01 0.1518640E-01
0.4549304E-01 0.5726895E-01 0.6961747E-01 0.8117444E-01 0.9104803E-01 0.1000225 0.1080746 0.1133969 0.1161630 0.1183154 0.1193289 0.1191026 0.1173362 0.1147087 0.1119948 0.1089271 0.1058338 0.1023601 0.9859406E-01 0.9502200E-01 0.9136522E-01 0.8726558E-01 0.8298498E-01 0.7883046E-01 0.7478164E-01 0.7085758E-01 0.6707404E-01 0.6341752E-01 0.5987323E-01 0.5642928E-01 0.5323511E-01 0.5023940E-01 0.4722687E-01 0.4447607E-01 0.4213220E-01 0.4007740E-01 0.3845614E-01 0.3722928E-01 0.3618946E-01 0.3543322E-01 0.3503731E-01 0.3471451E-01 0.3469159E-01 0.3478620E-01 0.3468204E-01 0.3396102E-01 0.3293537E-01 0.3191765E-01 0.3049162E-01 0.2880989E-01 0.2679193E-01 0.2446674E-01 0.2187247E-01 0.1901002E-01
0.7366369E-01 0.8330366E-01 0.9179008E-01 0.9835249E-01 0.1040363 0.1091287 0.1121830 0.1128414 0.1125626 0.1116031 0.1092955 0.1062116 0.1021260 0.9772672E-01 0.9339600E-01 0.8892698E-01 0.8451865E-01 0.8030643E-01 0.7663875E-01 0.7324643E-01 0.6976473E-01 0.6615515E-01 0.6263931E-01 0.5920217E-01 0.5588222E-01 0.5268119E-01 0.4943647E-01 0.4631788E-01 0.4346877E-01 0.4081962E-01 0.3853513E-01 0.3652131E-01 0.3464439E-01 0.3322801E-01 0.3224836E-01 0.3158309E-01 0.3129435E-01 0.3125700E-01 0.3131749E-01 0.3133804E-01 0.3164203E-01 0.3213716E-01 0.3275253E-01 0.3375543E-01 0.3432556E-01 0.3430378E-01 0.3396698E-01 0.3354781E-01 0.3287737E-01 0.3155565E-01 0.3013842E-01 0.2841445E-01 0.2611374E-01 0.2405066E-01
0.8856945E-01 0.9436545E-01 0.9850076E-01 0.1011974 0.1035071 0.1043340 0.1028012 0.9969547E-01 0.9583633E-01 0.9062332E-01 0.8411022E-01 0.7762178E-01 0.7174544E-01 0.6640510E-01 0.6143234E-01 0.5698485E-01 0.5353089E-01 0.5100029E-01 0.4905065E-01 0.4703703E-01 0.4507367E-01 0.4364780E-01 0.4228049E-01 0.4057462E-01 0.3884454E-01 0.3698885E-01 0.3491568E-01 0.3280782E-01 0.3076096E-01 0.2890562E-01 0.2716385E-01 0.2560867E-01 0.2459370E-01 0.2416294E-01 0.2405007E-01 0.2434751E-01 0.2492380E-01 0.2562877E-01 0.2645609E-01 0.2709364E-01 0.2798013E-01 0.2914450E-01 0.3030446E-01 0.3186472E-01 0.3294518E-01 0.3369157E-01 0.3421354E-01 0.3464924E-01 0.3463896E-01 0.3350883E-01 0.3298092E-01 0.3208122E-01 0.3039819E-01 0.2937436E-01
0.9111751E-01 0.9232295E-01 0.9238860E-01 0.9166064E-01 0.8985794E-01 0.8621434E-01 0.8117826E-01 0.7459842E-01 0.6709532E-01 0.5863329E-01 0.4951413E-01 0.4168333E-01 0.3619260E-01 0.3150883E-01 0.2762649E-01 0.2560980E-01 0.2484333E-01 0.2453795E-01 0.2444611E-01 0.2465945E-01 0.2514914E-01 0.2606936E-01 0.2661545E-01 0.2640373E-01 0.2590129E-01 0.2522566E-01 0.2437305E-01 0.2329348E-01 0.2205288E-01 0.2083275E-01 0.1954768E-01 0.1844802E-01 0.1786855E-01 0.1759887E-01 0.1767237E-01 0.1839717E-01 0.1947615E-01 0.2049516E-01 0.2159182E-01 0.2268869E-01 0.2416714E-01 0.2574641E-01 0.2732452E-01 0.2935268E-01 0.3114185E-01 0.3246160E-01 0.3367463E-01 0.3489509E-01 0.3566719E-01 0.3559752E-01 0.3588033E-01 0.3538887E-01 0.3426230E-01 0.3375812E-01
0.8685719E-01 0.8381461E-01 0.8020863E-01 0.7580823E-01 0.6955993E-01 0.6220988E-01 0.5417112E-01 0.4496330E-01 0.3560794E-01 0.2596931E-01 0.1785315E-01 0.1275960E-01 0.1280742E-01 -9999.000 -9999.000 -9999.000 0.8312495E-02 -9999.000 0.8170584E-02 0.9730859E-02 0.1175261E-01 0.1403152E-01 0.1584540E-01 0.1681386E-01 0.1745394E-01 0.1772592E-01 0.1764347E-01 0.1731676E-01 0.1666361E-01 0.1568394E-01 0.1471473E-01 0.1395196E-01 0.1341837E-01 0.1292682E-01 0.1290500E-01 0.1365038E-01 0.1487380E-01 0.1600545E-01 0.1712224E-01 0.1851505E-01 0.2025921E-01 0.2185845E-01 0.2360012E-01 0.2598165E-01 0.2828430E-01 0.3024645E-01 0.3217113E-01 0.3418852E-01 0.3577393E-01 0.3719809E-01 0.3860010E-01 0.3888922E-01 0.3895643E-01 0.3892092E-01
0.8208337E-01 0.7475297E-01 0.6828117E-01 0.6137103E-01 0.5248617E-01 0.4412527E-01 0.3475987E-01 0.2434322E-01 0.1557922E-01 0.1014867E-01 -9999.000 -9999.000 -9999.000 -9999.000 -9999.000 -9999.000 -9999.000 -9999.000 -9999.000 -9999.000 0.3903945E-02 -9999.000 0.7874041E-02 0.9825641E-02 0.1172507E-01 0.1297388E-01 0.1347453E-01 0.1373480E-01 0.1365697E-01 0.1297733E-01 0.1200772E-01 0.1100434E-01 0.1026420E-01 0.9713427E-02 0.9446013E-02 0.9786627E-02 0.1087506E-01 0.1204941E-01 0.1312728E-01 0.1460147E-01 0.1649891E-01 0.1812805E-01 0.1960148E-01 0.2179060E-01 0.2406570E-01 0.2626309E-01 0.2843955E-01 0.3090946E-01 0.3272942E-01 0.3481978E-01 0.3721919E-01 0.3864574E-01 0.3999463E-01 0.4092942E-01
