Rasters/example1.asc
NCOLS      1022
NROWS       244
XLLCENTER          2.613020
YLLCENTER        -94.812798
CELLSIZE           0.400
NODATA_VALUE     -9999.0
[rows 144 to 167 of 244, columns 270 to 323 of 1022]
0.2755796 0.2895165 0.3103161 0.3385199 0.3665143 0.3802071 0.3777591 0.3688386 0.3523209 0.3335566 0.3138520 0.2962960 0.2829278 0.2697175 0.2582365 0.2471265 0.2366676 0.2244953 0.2116171 0.1993343 0.1855442 0.1703952 0.1545421 0.1378310 0.1210753 0.1051733 0.8986233E-01 0.7550902E-01 0.6363940E-01 0.5478747E-01 0.4773472E-01 0.4193399E-01 0.3694651E-01 0.3466745E-01 0.4050734E-01 0.5435942E-01 0.7363881E-01 0.9304034E-01 0.1034130 0.1055461 0.1005576 0.9139448E-01 0.7969849E-01 0.6712750E-01 0.5656363E-01 0.4735734E-01 0.3885688E-01 0.3429475E-01 0.3352677E-01 0.3163070E-01 0.2991022E-01 0.3008314E-01 0.3173939E-01 0.3081776E-01
0.2842796 0.3008463 0.3192404 0.3416803 0.3598378 0.3628484 0.3541022 0.3417234 0.3235889 0.3042003 0.2866305 0.2718242 0.2596248 0.2479536 0.2373819 0.2273582 0.2168356 0.2047896 0.1924662 0.1807938 0.1680173 0.1538221 0.1386903 0.1230313 0.1072718 0.9255361E-01 0.7910037E-01 0.6660430E-01 0.5691153E-01 0.5110063E-01 0.4684219E-01 0.4515447E-01 0.4149492E-01 0.4131043E-01 0.5531538E-01 0.7677386E-01 0.9703241E-01 0.1098888 0.1126662 0.1094132 0.1014813 0.9058568E-01 0.7858712E-01 0.6649394E-01 0.5595106E-01 0.4769212E-01 0.4272695E-01 0.4083219E-01 0.3999615E-01 0.3812100E-01 0.3651806E-01 0.3803650E-01 0.4460962E-01 0.5273036E-01
0.2903866 0.3064041 0.3212532 0.3369013 0.3454568 0.3412881 0.3283026 0.3125675 0.2939331 0.2754606 0.2602794 0.2479214 0.2368826 0.2265065 0.2170334 0.2075255 0.1973337 0.1867480 0.1763632 0.1655874 0.1534108 0.1402777 0.1260655 0.1116836 0.9768298E-01 0.8516984E-01 0.7396824E-01 0.6496325E-01 0.5886113E-01 0.5453878E-01 0.5168494E-01 0.5168946E-01 0.4814559E-01 0.5744672E-01 0.8178992E-01 0.1014998 0.1155089 0.1204131 0.1179006 0.1110772 0.1010809 0.8959621E-01 0.7825799E-01 0.6781907E-01 0.5944299E-01 0.5498445E-01 0.5463698E-01 0.5356527E-01 0.4915347E-01 0.5009778E-01 0.5719151E-01 0.7168274E-01 0.9135954E-01 0.1104677
0.2967243 0.3089775 0.3200405 0.3282686 0.3283516 0.3181086 0.3018936 0.2841829 0.2659241 0.2498113 0.2367733 0.2253395 0.2155058 0.2064976 0.1987074 0.1904369 0.1812388 0.1722390 0.1632252 0.1531121 0.1415714 0.1294575 0.1163313 0.1039222 0.9268699E-01 0.8321802E-01 0.7588109E-01 0.7061166E-01 0.6680156E-01 0.6278015E-01 0.6011466E-01 0.5902552E-01 0.6205518E-01 0.8279342E-01 0.1067332 0.1189434 0.1256375 0.1243926 0.1177292 0.1087892 0.9888857E-01 0.8877999E-01 0.7959612E-01 0.7228139E-01 0.6877845E-01 0.6826232E-01 0.6846762E-01 0.6907170E-01 0.6980909E-01 0.7845712E-01 0.9835241E-01 0.1221769 0.1448469 0.1639885
0.3022885 0.3102323 0.3148977 0.3147596 0.3074983 0.2923980 0.2734187 0.2546835 0.2375758 0.2237350 0.2128858 0.2036327 0.1962652 0.1893220 0.1835010 0.1767406 0.1685082 0.1604687 0.1517970 0.1420306 0.1316135 0.1208639 0.1092476 0.9920929E-01 0.9092011E-01 0.8448862E-01 0.8048288E-01 0.7705716E-01 0.7446156E-01 0.7255727E-01 0.7023956E-01 0.7312747E-01 0.8934966E-01 0.1092406 0.1208550 0.1266264 0.1277205 0.1229609 0.1142090 0.1054787 0.9721054E-01 0.8937116E-01 0.8340451E-01 0.7981090E-01 0.8057105E-01 0.8362207E-01 0.8702615E-01 0.9323223E-01 0.1079475 0.1250643 0.1418223 0.1598311 0.1740849 0.1843590
0.3020356 0.3037431 0.2999361 0.2910544 0.2774330 0.2593548 0.2402111 0.2223689 0.2082513 0.1986616 0.1914466 0.1858426 0.1813209 0.1764910 0.1717462 0.1657085 0.1581038 0.1505410 0.1421896 0.1325412 0.1227785 0.1131532 0.1030920 0.9488573E-01 0.8845201E-01 0.8400289E-01 0.8149284E-01 0.7882511E-01 0.7792372E-01 0.7712471E-01 0.7586650E-01 0.9084399E-01 0.1123272 0.1205096 0.1241031 0.1257761 0.1236583 0.1176760 0.1096507 0.1033831 0.9740871E-01 0.9180506E-01 0.8908267E-01 0.8797884E-01 0.9285680E-01 0.1021249 0.1106278 0.1221110 0.1401599 0.1564661 0.1635201 0.1694467 0.1728509 0.1703341
0.2821731 0.2762328 0.2658349 0.2522244 0.2369518 0.2201866 0.2051604 0.1923436 0.1837333 0.1791761 0.1756342 0.1726345 0.1696894 0.1659110 0.1614862 0.1562558 0.1492941 0.1418343 0.1337917 0.1238995 0.1140975 0.1050970 0.9621040E-01 0.8909889E-01 0.8433034E-01 0.8106148E-01 0.7843295E-01 0.7665181E-01 0.7712559E-01 0.7590237E-01 0.8003369E-01 0.1011756 0.1164536 0.1180399 0.1206362 0.1213622 0.1184652 0.1125473 0.1065764 0.1033094 0.9943519E-01 0.9595677E-01 0.9655280E-01 0.9839811E-01 0.1057842 0.1180392 0.1285452 0.1400710 0.1512984 0.1590213 0.1598998 0.1566428 0.1507074 0.1399829
0.2356754 0.2268410 0.2171438 0.2067993 0.1964373 0.1858200 0.1769466 0.1706392 0.1673338 0.1660762 0.1648813 0.1633794 0.1610849 0.1573585 0.1527507 0.1476896 0.1405945 0.1327834 0.1245239 0.1143496 0.1046718 0.9606656E-01 0.8787221E-01 0.8154196E-01 0.7769422E-01 0.7467736E-01 0.7195444E-01 0.7192497E-01 0.7337410E-01 0.7614837E-01 0.8807234E-01 0.1028049 0.1096865 0.1135532 0.1170549 0.1180651 0.1157797 0.1113245 0.1075539 0.1061787 0.1037259 0.1022705 0.1054145 0.1100186 0.1175540 0.1282023 0.1365494 0.1421636 0.1449037 0.1439948 0.1393035 0.1326122 0.1228017 0.1094485
0.1797957 0.1755647 0.1726059 0.1698445 0.1663413 0.1627537 0.1599403 0.1585940 0.1584400 0.1586141 0.1581845 0.1568029 0.1540904 0.1497590 0.1446693 0.1389542 0.1310255 0.1226979 0.1136909 0.1032285 0.9397054E-01 0.8552747E-01 0.7754535E-01 0.7206229E-01 0.6815658E-01 0.6495824E-01 0.6441407E-01 0.6446148E-01 0.6786025E-01 0.7956374E-01 0.9193670E-01 0.9853918E-01 0.1036693 0.1100718 0.1151870 0.1169904 0.1156910 0.1129197 0.1107762 0.1101476 0.1088401 0.1090567 0.1126534 0.1172162 0.1236895 0.1300293 0.1323589 0.1314304 0.1279887 0.1220080 0.1139192 0.1053958 0.9289071E-01 0.7888224E-01
0.1381849 0.1419344 0.1452943 0.1481634 0.1496548 0.1503913 0.1510658 0.1520108 0.1529081 0.1531534 0.1523873 0.1501418 0.1463984 0.1411064 0.1350249 0.1282660 0.1195846 0.1106554 0.1010499 0.9068164E-01 0.8205238E-01 0.7405042E-01 0.6671461E-01 0.6199831E-01 0.5899464E-01 0.5677652E-01 0.5690486E-01 0.5594597E-01 0.6484708E-01 0.7996351E-01 0.8703258E-01 0.9398401E-01 0.1021706 0.1102810 0.1161539 0.1180055 0.1174360 0.1158895 0.1146576 0.1139518 0.1129275 0.1137221 0.1154658 0.1169960 0.1195761 0.1198337 0.1163991 0.1108902 0.1033455 0.9407604E-01 0.8423479E-01 0.7569372E-01 0.6537817E-01 0.5463150E-01
0.1244652 0.1324265 0.1379457 0.1416749 0.1437150 0.1448879 0.1459226 0.1469092 0.1474382 0.1469265 0.1452019 0.1417854 0.1368932 0.1306204 0.1232839 0.1153845 0.1062941 0.9672773E-01 0.8682716E-01 0.7714635E-01 0.6924182E-01 0.6207831E-01 0.5609056E-01 0.5242108E-01 0.5114817E-01 0.4958702E-01 0.4879711E-01 0.5195035E-01 0.6326460E-01 0.7493142E-01 0.8305415E-01 0.9489512E-01 0.1056603 0.1141902 0.1190424 0.1197514 0.1189915 0.1177121 0.1163138 0.1146611 0.1131258 0.1132249 0.1124034 0.1101530 0.1084174 0.1043537 0.9667102E-01 0.8713951E-01 0.7607450E-01 0.6578975E-01 0.5673567E-01 0.4889771E-01 0.4204426E-01 0.3604735E-01
0.1327834 0.1384908 0.1409676 0.1412614 0.1407368 0.1404531 0.1406197 0.1408222 0.1405734 0.1392025 0.1365025 0.1320267 0.1260554 0.1188513 0.1106129 0.1018851 0.9230724E-01 0.8265693E-01 0.7329602E-01 0.6469153E-01 0.5741225E-01 0.5127108E-01 0.4497994E-01 0.4227705E-01 0.4324223E-01 0.4175121E-01 0.4420445E-01 0.5287817E-01 0.6217042E-01 0.7347073E-01 0.8744173E-01 0.1015159 0.1121847 0.1186825 0.1209890 0.1201569 0.1185125 0.1163322 0.1138215 0.1107598 0.1079242 0.1057311 0.1020973 0.9614273E-01 0.9073525E-01 0.8341366E-01 0.7141716E-01 0.5970812E-01 0.4795874E-01 0.4046535E-01 0.3741747E-01 0.3330749E-01 0.2970319E-01 0.2703150E-01
0.1427040 0.1420743 0.1394421 0.1363414 0.1341137 0.1330965 0.1328784 0.1327489 0.1321601 0.1302200 0.1267262 0.1213320 0.1143306 0.1062432 0.9728806E-01 0.8792427E-01 0.7806853E-01 0.6909790E-01 0.6069352E-01 0.5296398E-01 0.4525736E-01 0.4042881E-01 0.3522372E-01 0.3348914E-01 0.3675605E-01 0.3684271E-01 0.4452970E-01 0.5591703E-01 0.6632390E-01 0.8191707E-01 0.9792905E-01 0.1104546 0.1178646 0.1210853 0.1210328 0.1185612 0.1153309 0.1114420 0.1070952 0.1021837 0.9748020E-01 0.9252206E-01 0.8587826E-01 0.7688138E-01 0.6929417E-01 0.6004757E-01 0.4453339E-01 0.3163267E-01 0.2276037E-01 0.2013614E-01 0.2276303E-01 0.2173089E-01 0.2014783E-01 0.2009858E-01
0.1394955 0.1344586 0.1296947 0.1262579 0.1245040 0.1240425 0.1242481 0.1242699 0.1235223 0.1209058 0.1163659 0.1098412 0.1017785 0.9306693E-01 0.8383005E-01 0.7436228E-01 0.6511333E-01 0.5729682E-01 0.4976819E-01 0.4425928E-01 0.3760244E-01 0.3368128E-01 0.3238610E-01 0.3149767E-01 0.3402139E-01 0.3804693E-01 0.4842239E-01 0.6248422E-01 0.7831370E-01 0.9553868E-01 0.1090871 0.1173129 0.1206889 0.1210585 0.1188815 0.1142236 0.1086019 0.1023266 0.9546264E-01 0.8807262E-01 0.8110977E-01 0.7340268E-01 0.6431796E-01 0.5463355E-01 0.4681949E-01 0.3770699E-01 0.2376814E-01 0.1362959E-01 0.1138850E-01 0.1323291E-01 0.1513263E-01 0.1395026E-01 0.1304785E-01 0.1466667E-01
0.1264773 0.1214321 0.1180726 0.1163731 0.1159854 0.1164296 0.1170147 0.1167696 0.1152305 0.1113054 0.1051878 0.9735496E-01 0.8842606E-01 0.7934930E-01 0.7032664E-01 0.6141697E-01 0.5366016E-01 0.4776926E-01 0.4257101E-01 0.4115159E-01 0.3856072E-01 0.3524090E-01 0.3474349E-01 0.3363416E-01 0.3586878E-01 0.4568378E-01 0.5898082E-01 0.7510574E-01 0.9303081E-01 0.1069615 0.1159897 0.1202514 0.1207912 0.1185849 0.1140462 0.1069647 0.9885134E-01 0.9014190E-01 0.8106930E-01 0.7161990E-01 0.6267240E-01 0.5352254E-01 0.4409721E-01 0.3568860E-01 0.2790680E-01 0.1928646E-01 0.1145265E-01 0.8517596E-02 0.9987098E-02 0.1156503E-01 0.1148355E-01 0.1071498E-01 0.1055104E-01 0.1186705E-01
0.1128470 0.1104533 0.1096116 0.1097137 0.1102790 0.1109841 0.1111516 0.1097049 0.1064559 0.1006939 0.9299763E-01 0.8426479E-01 0.7513779E-01 0.6643087E-01 0.5845330E-01 0.5122056E-01 0.4536936E-01 0.4202373E-01 0.3933527E-01 0.3953014E-01 0.3911126E-01 0.3647541E-01 0.3538490E-01 0.3537270E-01 0.4204265E-01 0.5684772E-01 0.7284996E-01 0.8933017E-01 0.1039656 0.1132558 0.1181129 0.1195171 0.1175864 0.1124405 0.1051817 0.9548396E-01 0.8493221E-01 0.7413227E-01 0.6376659E-01 0.5337313E-01 0.4349021E-01 0.3551281E-01 0.2835709E-01 0.2201826E-01 0.1682795E-01 0.1176906E-01 0.7787259E-02 0.7830717E-02 0.9714193E-02 0.9969826E-02 0.1021479E-01 0.1011712E-01 0.1005121E-01 0.1061246E-01
0.1036488 0.1041025 0.1051229 0.1061507 0.1067554 0.1067541 0.1055082 0.1019482 0.9636694E-01 0.8855302E-01 0.7934417E-01 0.6990420E-01 0.6102226E-01 0.5338329E-01 0.4730269E-01 0.4262294E-01 0.3979877E-01 0.3900774E-01 0.3716336E-01 0.3746650E-01 0.3736749E-01 0.3509932E-01 0.3524702E-01 0.4022072E-01 0.5261753E-01 0.6850035E-01 0.8425098E-01 0.9889103E-01 0.1091460 0.1146269 0.1164618 0.1154289 0.1105677 0.1023982 0.9275663E-01 0.8072990E-01 0.6831818E-01 0.5640778E-01 0.4564082E-01 0.3576020E-01 0.2705179E-01 0.2145277E-01 0.1655324E-01 0.1180959E-01 0.1031069E-01 0.9494461E-02 0.6097989E-02 -9999.000 0.7289393E-02 0.7955310E-02 0.8996975E-02 0.9406884E-02 0.1004869E-01 0.1044968E-01
0.1002483 0.1019612 0.1034820 0.1041980 0.1036848 0.1019501 0.9859535E-01 0.9277244E-01 0.8527736E-01 0.7621619E-01 0.6653075E-01 0.5738983E-01 0.4940084E-01 0.4288941E-01 0.3839028E-01 0.3558415E-01 0.3532312E-01 0.3586854E-01 0.3448474E-01 0.3504651E-01 0.3500353E-01 0.3436590E-01 0.3919913E-01 0.5027465E-01 0.6440762E-01 0.7879035E-01 0.9233164E-01 0.1031921 0.1097965 0.1125309 0.1115806 0.1078446 0.9978294E-01 0.8868224E-01 0.7737729E-01 0.6384969E-01 0.5068000E-01 0.3900965E-01 0.2884195E-01 0.2091051E-01 0.1514694E-01 0.1187196E-01 0.9398241E-02 0.6844430E-02 0.6739138E-02 0.8048363E-02 0.6370325E-02 0.4803745E-02 0.6445350E-02 0.8090249E-02 0.9300174E-02 0.9907154E-02 0.1103727E-01 0.1131839E-01
0.1004080 0.1012945 0.1021033 0.1017400 0.9943379E-01 0.9541567E-01 0.8964557E-01 0.8165413E-01 0.7260303E-01 0.6311223E-01 0.5414260E-01 0.4644754E-01 0.4022693E-01 0.3535235E-01 0.3206484E-01 0.3054541E-01 0.3113062E-01 0.3206912E-01 0.3191014E-01 0.3226738E-01 0.3176963E-01 0.3637870E-01 0.4789804E-01 0.6079525E-01 0.7428935E-01 0.8735268E-01 0.9779966E-01 0.1043760 0.1078504 0.1084585 0.1043346 0.9726042E-01 0.8639216E-01 0.7304557E-01 0.6065715E-01 0.4675369E-01 0.3392028E-01 0.2370196E-01 0.1676425E-01 0.1197123E-01 0.7476538E-02 0.5820224E-02 0.5910540E-02 0.5064976E-02 0.5133742E-02 0.7027135E-02 0.7542330E-02 0.6915738E-02 0.8050526E-02 0.9953038E-02 0.1062610E-01 0.1129913E-01 0.1285596E-01 0.1264417E-01
0.1017034 0.1005547 0.9965152E-01 0.9757243E-01 0.9319713E-01 0.8706154E-01 0.7944787E-01 0.7013306E-01 0.6050874E-01 0.5147479E-01 0.4361775E-01 0.3716595E-01 0.3239040E-01 0.2944707E-01 0.2751605E-01 0.2682255E-01 0.2753499E-01 0.2827579E-01 0.2873054E-01 0.2880309E-01 0.3170690E-01 0.4291555E-01 0.5678996E-01 0.6902880E-01 0.8193769E-01 0.9304223E-01 0.1002220 0.1033907 0.1037481 0.1016831 0.9396316E-01 0.8355342E-01 0.7070974E-01 0.5628709E-01 0.4377296E-01 0.3089115E-01 0.1966070E-01 0.1267698E-01 -9999.000 -9999.000 0.3585052E-02 -9999.000 -9999.000 0.3618543E-02 0.4103544E-02 0.5834388E-02 0.7075034E-02 0.7108792E-02 0.7636730E-02 0.8957038E-02 0.9096014E-02 0.1045908E-01 0.1265601E-01 0.1218840E-01
0.1026272 0.9954473E-01 0.9635329E-01 0.9182325E-01 0.8496215E-01 0.7688162E-01 0.6803119E-01 0.5830117E-01 0.4930492E-01 0.4166670E-01 0.3547077E-01 0.3059392E-01 0.2706818E-01 0.2609946E-01 0.2559355E-01 0.2435938E-01 0.2437347E-01 0.2498768E-01 0.2501752E-01 0.2877437E-01 0.3871722E-01 0.5139554E-01 0.6488244E-01 0.7729253E-01 0.8796885E-01 0.9552641E-01 0.9960328E-01 0.1004332 0.9778327E-01 0.9227335E-01 0.8143890E-01 0.6885511E-01 0.5508387E-01 0.4077636E-01 0.2907582E-01 0.1826736E-01 0.1075169E-01 -9999.000 -9999.000 -9999.000 -9999.000 -9999.000 -9999.000 -9999.000 -9999.000 -9999.000 0.5033910E-02 0.4395475E-02 0.3927651E-02 0.4597559E-02 0.4953643E-02 0.7028532E-02 0.8888109E-02 0.8966954E-02
0.1019284 0.9727493E-01 0.9169983E-01 0.8498158E-01 0.7633199E-01 0.6661937E-01 0.5684598E-01 0.4736944E-01 0.3943082E-01 0.3306183E-01 0.2824848E-01 0.2518913E-01 0.2326481E-01 0.2368292E-01 0.2405245E-01 0.2239222E-01 0.2183263E-01 0.2202945E-01 0.2509962E-01 0.3496644E-01 0.4724413E-01 0.5988400E-01 0.7346519E-01 0.8430539E-01 0.9175570E-01 0.9569448E-01 0.9718147E-01 0.9556749E-01 0.8977100E-01 0.8097201E-01 0.6803006E-01 0.5433111E-01 0.4069444E-01 0.2766465E-01 0.1753115E-01 0.1031628E-01 -9999.000 0.1892759E-02 -9999.000 -9999.000 -9999.000 -9999.000 -9999.000 -9999.000 -9999.000 -9999.000 -9999.000 -9999.000 -9999.000 -9999.000 -9999.000 0.3215849E-02 0.4012783E-02 0.4477327E-02
0.9856080E-01 0.9290750E-01 0.8565267E-01 0.7770247E-01 0.6873850E-01 0.5840680E-01 0.4849991E-01 0.4002653E-01 0.3323256E-01 0.2767474E-01 0.2372247E-01 0.2164260E-01 0.2100348E-01 0.2140784E-01 0.2162324E-01 0.2071117E-01 0.1970265E-01 0.2084020E-01 0.2964658E-01 0.4265158E-01 0.5569647E-01 0.6946170E-01 0.8022592E-01 0.8728808E-01 0.9147361E-01 0.9278707E-01 0.9166972E-01 0.8679081E-01 0.7831680E-01 0.6752278E-01 0.5362737E-01 0.3997250E-01 0.2764901E-01 0.1705576E-01 0.9426291E-02 -9999.000 0.1365307E-02 -9999.000 -9999.000 -9999.000 -9999.000 -9999.000 -9999.000 -9999.000 -9999.000 -9999.000 -9999.000 0.000000 -9999.000 -9999.000 0.4653914E-03 0.9113576E-03 0.1633158E-02 0.1861964E-02
0.9376635E-01 0.8720130E-01 0.7858806E-01 0.6913126E-01 0.5982694E-01 0.5018438E-01 0.4116229E-01 0.3385224E-01 0.2845263E-01 0.2414702E-01 0.2113642E-01 0.2012951E-01 0.2027186E-01 0.1982265E-01 0.1977403E-01 0.1920399E-01 0.1870114E-01 0.2464738E-01 0.3759220E-01 0.5224246E-01 0.6602051E-01 0.7688485E-01 0.8339171E-01 0.8688485E-01 0.8820270E-01 0.8713363E-01 0.8308004E-01 0.7502272E-01 0.6475996E-01 0.5320134E-01 0.3952838E-01 0.2717106E-01 0.1711654E-01 0.9411715E-02 0.4898190E-02 -9999.000 -9999.000 -9999.000 -9999.000 -9999.000 -9999.000 -9999.000 -9999.000 -9999.000 -9999.000 0.000000 -9999.000 -9999.000 -9999.000 -9999.000 0.3320055E-03 0.8821143E-03 0.1617018E-02 0.1451810E-02
