Rasters/example1.asc
NCOLS      1022
NROWS       244
XLLCENTER          2.613020
YLLCENTER        -94.812798
CELLSIZE           0.400
NODATA_VALUE     -9999.0
[rows 24 to 47 of 244, columns 432 to 485 of 1022]
0.1280677E-01 -9999.000 -9999.000 -9999.000 -9999.000 -9999.000 -9999.000 -9999.000 -9999.000 -9999.000 -9999.000 -9999.000 -9999.000 -9999.000 -9999.000 -9999.000 -9999.000 -9999.000 -9999.000 -9999.000 -9999.000 -9999.000 -9999.000 -9999.000 -9999.000 -9999.000 -9999.000 -9999.000 -9999.000 -9999.000 -9999.000 -9999.000 -9999.000 -9999.000 -9999.000 -9999.000 -9999.000 -9999.000 -9999.000 -9999.000 -9999.000 -9999.000 -9999.000 -9999.000 -9999.000 -9999.000 -9999.000 -9999.000 -9999.000 -9999.000 -9999.000 -9999.000 -9999.000 -9999.000
0.3025001E-01 0.2876661E-01 0.2490999E-01 0.2038414E-01 0.1762431E-01 0.1582369E-01 0.1449852E-01 0.1379828E-01 0.1320852E-01 0.1246456E-01 0.1141436E-01 0.1074283E-01 0.9341133E-02 0.6237876E-02 0.3832641E-02 -9999.000 -9999.000 -9999.000 -9999.000 -9999.000 -9999.000 -9999.000 -9999.000 -9999.000 -9999.000 -9999.000 -9999.000 -9999.000 -9999.000 -9999.000 -9999.000 -9999.000 -9999.000 -9999.000 -9999.000 -9999.000 -9999.000 -9999.000 -9999.000 -9999.000 -9999.000 -9999.000 -9999.000 -9999.000 -9999.000 -9999.000 -9999.000 -9999.000 -9999.000 -9999.000 -9999.000 -9999.000 -9999.000 -9999.000
0.4428532E-01 0.4507354E-01 0.4103827E-01 0.3778667E-01 0.3553714E-01 0.3395631E-01 0.3196371E-01 0.2977885E-01 0.2789188E-01 0.2610713E-01 0.2434330E-01 0.2338640E-01 0.2138187E-01 0.1687176E-01 0.1278312E-01 0.1054779E-01 0.7811722E-02 0.4067878E-02 -9999.000 -9999.000 -9999.000 -9999.000 -9999.000 -9999.000 -9999.000 -9999.000 -9999.000 0.9079044E-03 -9999.000 -9999.000 -9999.000 -9999.000 -9999.000 -9999.000 -9999.000 -9999.000 -9999.000 -9999.000 -9999.000 -9999.000 -9999.000 -9999.000 -9999.000 -9999.000 -9999.000 -9999.000 -9999.000 -9999.000 -9999.000 -9999.000 -9999.000 -9999.000 -9999.000 -9999.000
0.3790726E-01 0.4248998E-01 0.4234448E-01 0.4181152E-01 0.4116210E-01 0.4092856E-01 0.4001825E-01 0.3852271E-01 0.3710471E-01 0.3615505E-01 0.3534010E-01 0.3415041E-01 0.3192747E-01 0.2875460E-01 0.2509631E-01 0.2124215E-01 0.1635200E-01 0.1154572E-01 0.8382849E-02 0.5532829E-02 -9999.000 -9999.000 -9999.000 0.7717928E-03 0.8383282E-03 0.1065763E-02 0.1240472E-02 0.2589546E-02 -9999.000 -9999.000 -9999.000 0.1233202E-02 0.6420154E-03 0.3173158E-03 -9999.000 -9999.000 -9999.000 -9999.000 -9999.000 -9999.000 -9999.000 -9999.000 -9999.000 -9999.000 -9999.000 -9999.000 -9999.000 -9999.000 -9999.000 -9999.000 -9999.000 -9999.000 -9999.000 -9999.000
0.1754423E-01 0.2116950E-01 0.2592153E-01 0.2904082E-01 0.3069713E-01 0.3209041E-01 0.3285504E-01 0.3328754E-01 0.3364123E-01 0.3449997E-01 0.3543742E-01 0.3576225E-01 0.3519082E-01 0.3426188E-01 0.3275663E-01 0.2995138E-01 0.2633697E-01 0.2263301E-01 0.1872104E-01 0.1436802E-01 0.1084696E-01 0.7925889E-02 0.5672523E-02 0.3946110E-02 0.2192195E-02 0.1552565E-02 0.2188738E-02 0.4212976E-02 0.5279403E-02 0.4736694E-02 0.4505293E-02 0.3140055E-02 0.1707367E-02 0.1086167E-02 0.1192121E-02 0.1177675E-02 -9999.000 -9999.000 -9999.000 -9999.000 -9999.000 -9999.000 -9999.000 -9999.000 -9999.000 -9999.000 -9999.000 -9999.000 -9999.000 -9999.000 -9999.000 -9999.000 -9999.000 -9999.000
0.5086309E-02 0.6587906E-02 0.1031152E-01 0.1207046E-01 0.1439248E-01 0.1740829E-01 0.1952076E-01 0.2066967E-01 0.2239440E-01 0.2437975E-01 0.2671518E-01 0.2955214E-01 0.3151635E-01 0.3283480E-01 0.3445083E-01 0.3459258E-01 0.3340481E-01 0.3163891E-01 0.2892756E-01 0.2560041E-01 0.2238404E-01 0.1932124E-01 0.1642281E-01 0.1337454E-01 0.9273451E-02 0.6685480E-02 0.5933702E-02 0.5584841E-02 0.5296036E-02 0.5193790E-02 0.5470813E-02 0.4984445E-02 0.4277297E-02 0.4334400E-02 0.5140794E-02 0.5434719E-02 0.5123920E-02 0.3806100E-02 -9999.000 -9999.000 -9999.000 -9999.000 -9999.000 -9999.000 -9999.000 -9999.000 -9999.000 -9999.000 -9999.000 -9999.000 -9999.000 -9999.000 -9999.000 -9999.000
-9999.000 -9999.000 0.1757295E-02 0.3026706E-02 0.5333285E-02 0.9032301E-02 0.1147217E-01 0.1236630E-01 0.1450668E-01 0.1700852E-01 0.2014763E-01 0.1985790E-01 0.2023741E-01 0.2376358E-01 0.2885420E-01 0.3277100E-01 0.3496387E-01 0.3639042E-01 0.3650491E-01 0.3564426E-01 0.3417874E-01 0.3253290E-01 0.3099471E-01 0.2887025E-01 0.2550143E-01 0.2208810E-01 0.1906899E-01 0.1651300E-01 0.1441555E-01 0.1278607E-01 0.1236887E-01 0.1319983E-01 0.1410011E-01 0.1488587E-01 0.1601394E-01 0.1658082E-01 0.1647846E-01 0.1490986E-01 0.1240876E-01 -9999.000 -9999.000 -9999.000 -9999.000 -9999.000 -9999.000 -9999.000 -9999.000 -9999.000 -9999.000 -9999.000 -9999.000 -9999.000 -9999.000 -9999.000
-9999.000 -9999.000 -9999.000 -9999.000 -9999.000 -9999.000 -9999.000 -9999.000 -9999.000 -9999.000 -9999.000 0.7684874E-02 0.8009116E-02 0.1128806E-01 0.1723371E-01 0.2392621E-01 0.3032619E-01 0.3542447E-01 0.3866771E-01 0.4052538E-01 0.4127852E-01 0.4146419E-01 0.4234803E-01 0.4318552E-01 0.4266262E-01 0.4125543E-01 0.3910195E-01 0.3706089E-01 0.3514262E-01 0.3252805E-01 0.3109166E-01 0.3215790E-01 0.3348876E-01 0.3427492E-01 0.3511139E-01 0.3567655E-01 0.3642093E-01 0.3556357E-01 0.3365361E-01 0.3094734E-01 0.2637577E-01 -9999.000 0.1952203E-01 0.1522912E-01 0.1369418E-01 -9999.000 -9999.000 -9999.000 -9999.000 -9999.000 -9999.000 -9999.000 -9999.000 -9999.000
-9999.000 -9999.000 -9999.000 -9999.000 -9999.000 -9999.000 -9999.000 -9999.000 -9999.000 -9999.000 -9999.000 -9999.000 0.3241798E-02 0.5382222E-02 0.8618915E-02 0.1377119E-01 0.1966152E-01 0.2576837E-01 0.3185853E-01 0.3717956E-01 0.4071410E-01 0.4259909E-01 0.4481654E-01 0.4740553E-01 0.4914013E-01 0.5014676E-01 0.4988382E-01 0.4912538E-01 0.4826661E-01 0.4740068E-01 0.4777871E-01 0.5107459E-01 0.5613385E-01 0.5869152E-01 0.5909444E-01 0.6024497E-01 0.6258542E-01 0.6359278E-01 0.6436907E-01 0.6392300E-01 0.6282532E-01 0.6197416E-01 0.5929524E-01 0.5654066E-01 0.5347079E-01 0.5229407E-01 0.5174966E-01 0.4627565E-01 0.3910965E-01 0.3079186E-01 0.2280338E-01 -9999.000 -9999.000 -9999.000
-9999.000 -9999.000 -9999.000 -9999.000 -9999.000 -9999.000 -9999.000 -9999.000 -9999.000 -9999.000 -9999.000 -9999.000 -9999.000 0.5675435E-02 0.7312095E-02 0.9393882E-02 0.1088749E-01 0.1369895E-01 0.1825129E-01 0.2320310E-01 0.2848715E-01 0.3309652E-01 0.3699230E-01 0.4023312E-01 0.4180081E-01 0.4371196E-01 0.4484849E-01 0.4579591E-01 0.4816228E-01 0.5259959E-01 0.5863003E-01 0.6738757E-01 0.7882844E-01 0.8544363E-01 0.8756307E-01 0.9042356E-01 0.9356178E-01 0.9589144E-01 0.9864040E-01 0.1010819 0.1038577 0.1056700 0.1060365 0.1055602 0.1028961 0.9935242E-01 0.9497497E-01 0.8965738E-01 0.8292696E-01 0.7478583E-01 0.6640088E-01 0.5870981E-01 0.5125306E-01 0.4203083E-01
-9999.000 -9999.000 -9999.000 -9999.000 -9999.000 -9999.000 -9999.000 -9999.000 -9999.000 0.1345135E-04 0.5205877E-04 0.1966244E-02 0.5507385E-02 0.7865308E-02 0.8518628E-02 0.8652285E-02 0.8394075E-02 0.8661468E-02 0.9282232E-02 0.1009632E-01 0.1250003E-01 0.1624085E-01 0.2074114E-01 0.2413510E-01 0.2432805E-01 0.2680078E-01 0.3162077E-01 0.3755208E-01 0.4859527E-01 0.6265545E-01 0.7722622E-01 0.9232230E-01 0.1069621 0.1161735 0.1191838 0.1220221 0.1240035 0.1248161 0.1264231 0.1290111 0.1324772 0.1357600 0.1382143 0.1396752 0.1396822 0.1389265 0.1366875 0.1345698 0.1322465 0.1267381 0.1198988 0.1111818 0.1017495 0.9260575E-01
-9999.000 -9999.000 -9999.000 -9999.000 -9999.000 -9999.000 -9999.000 -9999.000 0.5203430E-06 0.1744182E-03 -9999.000 0.4132723E-02 0.7965249E-02 0.9842839E-02 0.9871764E-02 0.9540826E-02 0.7909967E-02 0.7400116E-02 0.7394339E-02 0.6443988E-02 0.5066709E-02 0.4947091E-02 0.7195445E-02 0.9086848E-02 0.1170524E-01 0.1789908E-01 0.2863999E-01 0.4286820E-01 0.6270166E-01 0.8466995E-01 0.1058119 0.1227019 0.1343332 0.1398083 0.1386295 0.1397306 0.1404896 0.1385825 0.1376365 0.1383565 0.1406777 0.1438441 0.1472609 0.1505378 0.1532695 0.1555362 0.1575656 0.1608215 0.1632594 0.1621324 0.1602490 0.1564760 0.1510703 0.1448835
-9999.000 -9999.000 -9999.000 -9999.000 -9999.000 -9999.000 -9999.000 -9999.000 -9999.000 0.1743233E-02 0.2998541E-02 0.5659793E-02 0.8385935E-02 0.8790611E-02 0.9188665E-02 0.9046354E-02 0.6884789E-02 0.6271218E-02 0.7001096E-02 0.5452174E-02 -9999.000 -9999.000 0.1909122E-02 0.3768085E-02 0.1015683E-01 0.1990882E-01 0.3578367E-01 0.5802117E-01 0.8259512E-01 0.1072931 0.1282396 0.1391384 0.1423526 0.1407371 0.1356528 0.1340939 0.1324286 0.1290974 0.1270329 0.1266698 0.1279964 0.1306758 0.1341930 0.1382498 0.1427427 0.1474705 0.1528342 0.1587849 0.1640855 0.1694470 0.1741945 0.1753194 0.1745144 0.1731185
-9999.000 0.1277570E-02 -9999.000 -9999.000 -9999.000 -9999.000 -9999.000 -9999.000 -9999.000 0.4606723E-02 0.6007496E-02 0.7858956E-02 0.8890702E-02 0.9157909E-02 0.9303753E-02 0.8486865E-02 0.6384546E-02 -9999.000 0.5364074E-02 0.3800824E-02 0.1666847E-02 -9999.000 0.7929617E-03 0.3248418E-02 0.1383439E-01 0.3325214E-01 0.5801606E-01 0.8367529E-01 0.1051452 0.1232715 0.1340630 0.1331923 0.1256781 0.1171601 0.1098048 0.1052293 0.1006374 0.9861881E-01 0.9916688E-01 0.9992237E-01 0.1018180 0.1045952 0.1080254 0.1121468 0.1171824 0.1230946 0.1297089 0.1365424 0.1437324 0.1519555 0.1599884 0.1659310 0.1700980 0.1735319
0.3174501E-02 0.2970941E-02 0.2663560E-02 0.2562922E-02 0.2340069E-02 0.2417653E-02 0.3355364E-02 -9999.000 0.7012254E-02 0.7663778E-02 0.9237567E-02 0.1013551E-01 0.1063666E-01 0.1097391E-01 0.1031389E-01 0.9092806E-02 0.6619200E-02 0.4553833E-02 0.4200549E-02 0.2769200E-02 -9999.000 -9999.000 -9999.000 0.1421916E-01 0.3519983E-01 0.6809796E-01 0.9761068E-01 0.1183735 0.1279072 0.1305872 0.1227904 0.1052351 0.8605701E-01 0.7130217E-01 0.6047759E-01 0.5495212E-01 0.5456630E-01 0.5828082E-01 0.6346200E-01 0.6888912E-01 0.7423174E-01 0.7800899E-01 0.8200977E-01 0.8601313E-01 0.9080272E-01 0.9647962E-01 0.1025559 0.1092754 0.1164812 0.1235222 0.1320911 0.1402137 0.1467569 0.1530227
0.6420548E-02 0.6244808E-02 0.4978472E-02 0.5372542E-02 0.6912483E-02 0.7666172E-02 0.8929395E-02 0.9872096E-02 0.1075690E-01 0.1167877E-01 0.1218715E-01 0.1209136E-01 0.1149315E-01 0.1078730E-01 0.9337829E-02 0.7842672E-02 0.5669423E-02 -9999.000 0.3979131E-02 0.3386418E-02 0.2060331E-02 0.3146254E-02 0.1175125E-01 0.3524361E-01 0.7241334E-01 0.1054851 0.1280695 0.1369259 0.1317614 0.1167062 0.9003263E-01 0.5991927E-01 0.3866286E-01 0.2848640E-01 0.1923318E-01 0.1504912E-01 0.1997140E-01 0.2761064E-01 0.3568247E-01 0.4503689E-01 0.5297782E-01 0.5788611E-01 0.6246354E-01 0.6632752E-01 0.7059852E-01 0.7555973E-01 0.8049621E-01 0.8598121E-01 0.9244505E-01 0.9864972E-01 0.1053471 0.1115917 0.1174638 0.1242921
0.1024006E-01 0.1075526E-01 0.1051458E-01 0.1149199E-01 0.1367549E-01 0.1450983E-01 0.1502788E-01 0.1543383E-01 0.1552351E-01 0.1528057E-01 0.1461866E-01 0.1331726E-01 0.1182720E-01 0.1057722E-01 0.9112386E-02 0.7146025E-02 0.4818318E-02 -9999.000 0.2428753E-02 0.3692535E-02 0.2220352E-02 0.7624912E-02 0.2693463E-01 0.6425945E-01 0.1033332 0.1275270 0.1392771 0.1298310 0.1043996 0.7487004E-01 0.4365481E-01 0.2027981E-01 0.1093737E-01 0.1091747E-01 0.8127520E-02 0.7189002E-02 0.1162702E-01 0.1671421E-01 0.2387062E-01 0.3180909E-01 0.3763498E-01 0.4164717E-01 0.4613923E-01 0.5008177E-01 0.5461592E-01 0.5959090E-01 0.6374658E-01 0.6782543E-01 0.7270380E-01 0.7773596E-01 0.8272828E-01 0.8780663E-01 0.9320198E-01 0.9897759E-01
0.1455578E-01 0.1567490E-01 0.1716036E-01 0.1861750E-01 0.1997566E-01 0.2081466E-01 0.2104782E-01 0.2058311E-01 0.1943230E-01 0.1771978E-01 0.1573390E-01 0.1374918E-01 0.1200309E-01 0.1037148E-01 0.9093805E-02 0.7159597E-02 0.4135261E-02 0.2392380E-02 -9999.000 -9999.000 0.8618713E-02 0.2235357E-01 0.5344654E-01 0.9408730E-01 0.1249805 0.1367523 0.1305777 0.9849832E-01 0.5705544E-01 0.2905805E-01 0.1410074E-01 0.5110832E-02 0.4773721E-02 0.1010570E-01 0.1198166E-01 0.1045045E-01 0.1254672E-01 0.1607995E-01 0.2131143E-01 0.2624990E-01 0.2882050E-01 0.2997918E-01 0.3299996E-01 0.3615803E-01 0.4044382E-01 0.4431268E-01 0.4662723E-01 0.4931579E-01 0.5201358E-01 0.5605057E-01 0.6190257E-01 0.6759824E-01 0.7315731E-01 0.7874351E-01
0.1922361E-01 0.2062238E-01 0.2231661E-01 0.2381828E-01 0.2477803E-01 0.2531662E-01 0.2532243E-01 0.2436893E-01 0.2268113E-01 0.2018821E-01 0.1735180E-01 0.1441744E-01 0.1210388E-01 0.9096477E-02 0.5763471E-02 0.5193185E-02 0.4297604E-02 0.3133372E-02 0.2811935E-02 0.6112770E-02 0.1970201E-01 0.4859370E-01 0.8576082E-01 0.1181379 0.1356448 0.1292721 0.1032100 0.5791045E-01 0.2065819E-01 0.1004018E-01 -9999.000 0.6829792E-02 0.6650796E-02 0.1030364E-01 0.1272011E-01 0.1229352E-01 0.1385418E-01 0.1819546E-01 0.2310823E-01 0.2547966E-01 0.2621000E-01 0.2632694E-01 0.2821393E-01 0.3052143E-01 0.3322536E-01 0.3435826E-01 0.3398947E-01 0.3422789E-01 0.3432100E-01 0.3734765E-01 0.4316073E-01 0.4969252E-01 0.5759149E-01 0.6489634E-01
0.2388695E-01 0.2510898E-01 0.2620344E-01 0.2703903E-01 0.2732388E-01 0.2732299E-01 0.2700447E-01 0.2579867E-01 0.2390513E-01 0.2143034E-01 0.1871429E-01 0.1569053E-01 0.1331887E-01 0.9307799E-02 0.4433571E-02 -9999.000 -9999.000 0.5504312E-02 0.8892347E-02 0.1989279E-01 0.4259092E-01 0.7722139E-01 0.1090244 0.1271316 0.1270512 0.1031445 0.6608298E-01 0.2755141E-01 0.8185842E-02 0.1084273E-01 -9999.000 0.1238800E-01 0.8543315E-02 0.8974450E-02 0.1181251E-01 0.1543747E-01 0.1759693E-01 0.2227952E-01 0.2679470E-01 0.2708990E-01 0.2749599E-01 0.2842073E-01 0.3043606E-01 0.3243970E-01 0.3341441E-01 0.3255421E-01 0.3048513E-01 0.2875881E-01 0.2717026E-01 0.2857656E-01 0.3155110E-01 0.3715640E-01 0.4621969E-01 0.5334100E-01
0.2762859E-01 0.2801661E-01 0.2806759E-01 0.2774096E-01 0.2690970E-01 0.2609134E-01 0.2517806E-01 0.2368781E-01 0.2193812E-01 0.2015258E-01 0.1848055E-01 0.1674787E-01 0.1543347E-01 0.1270305E-01 0.9371498E-02 0.7478156E-02 0.8505788E-02 0.1479391E-01 0.2729515E-01 0.4473181E-01 0.6984477E-01 0.9861619E-01 0.1163108 0.1172941 0.1007567 0.6886074E-01 0.3715614E-01 0.1532114E-01 0.6760498E-02 0.1239624E-01 0.1467166E-01 0.1162356E-01 0.8516447E-02 0.1085094E-01 0.1614348E-01 0.2009625E-01 0.2144844E-01 0.2606730E-01 0.3007193E-01 0.2948320E-01 0.3064548E-01 0.3219844E-01 0.3353076E-01 0.3452534E-01 0.3413369E-01 0.3286108E-01 0.3087157E-01 0.2898687E-01 0.2779622E-01 0.2797338E-01 0.2867800E-01 0.3217724E-01 0.3694418E-01 0.3994014E-01
0.2961625E-01 0.2910265E-01 0.2807823E-01 0.2653600E-01 0.2445294E-01 0.2253901E-01 0.2133082E-01 0.2008323E-01 0.1886087E-01 0.1820699E-01 0.1782529E-01 0.1728390E-01 0.1711670E-01 0.1636516E-01 0.1490944E-01 0.1551901E-01 0.2149802E-01 0.3357766E-01 0.4814781E-01 0.6449428E-01 0.8456580E-01 0.1010309 0.1023906 0.9052236E-01 0.7017430E-01 0.4380451E-01 0.2700579E-01 0.1411354E-01 -9999.000 0.1089682E-01 0.1306649E-01 0.1268205E-01 0.1353191E-01 0.1670368E-01 0.2163635E-01 0.2510300E-01 0.2679709E-01 0.3076963E-01 0.3314461E-01 0.3254954E-01 0.3414290E-01 0.3536333E-01 0.3552508E-01 0.3544517E-01 0.3424190E-01 0.3256330E-01 0.3078767E-01 0.2950286E-01 0.2922985E-01 0.2910143E-01 0.2950670E-01 0.3149256E-01 0.3209897E-01 0.3157174E-01
0.2992648E-01 0.2843517E-01 0.2606984E-01 0.2358556E-01 0.2111977E-01 0.1881619E-01 0.1756314E-01 0.1663993E-01 0.1615914E-01 0.1667119E-01 0.1736346E-01 0.1830966E-01 0.2011652E-01 0.2168884E-01 0.2455869E-01 0.3106483E-01 0.4006418E-01 0.5057374E-01 0.6085516E-01 0.7167742E-01 0.8361658E-01 0.9010132E-01 0.8240346E-01 0.6647762E-01 0.5055489E-01 0.3400325E-01 0.2471766E-01 0.1598763E-01 0.1000235E-01 0.1486445E-01 0.1854231E-01 0.1999508E-01 0.2259662E-01 0.2595499E-01 0.2974303E-01 0.3294552E-01 0.3529780E-01 0.3796353E-01 0.3879071E-01 0.3857950E-01 0.3950885E-01 0.3959047E-01 0.3873032E-01 0.3796917E-01 0.3602828E-01 0.3341245E-01 0.3144686E-01 0.3059562E-01 0.3070036E-01 0.3064852E-01 0.3074310E-01 0.3192193E-01 0.3208936E-01 0.3038935E-01
0.2785089E-01 0.2545406E-01 0.2265771E-01 0.2049720E-01 0.1872623E-01 0.1699549E-01 0.1592334E-01 0.1536291E-01 0.1553541E-01 0.1686566E-01 0.1884295E-01 0.2112961E-01 0.2524172E-01 0.3007197E-01 0.3655502E-01 0.4510853E-01 0.5263169E-01 0.5980872E-01 0.6553271E-01 0.7046697E-01 0.7569539E-01 0.7626780E-01 0.6665111E-01 0.5345578E-01 0.4221370E-01 0.3121809E-01 0.2495556E-01 0.2121625E-01 0.2008039E-01 0.2304759E-01 0.2594929E-01 0.2916882E-01 0.3313233E-01 0.3737786E-01 0.4134742E-01 0.4449729E-01 0.4648664E-01 0.4763141E-01 0.4791141E-01 0.4763950E-01 0.4714404E-01 0.4606040E-01 0.4437255E-01 0.4254855E-01 0.3998359E-01 0.3734510E-01 0.3570389E-01 0.3450997E-01 0.3372636E-01 0.3349339E-01 0.3335250E-01 0.3353163E-01 0.3381780E-01 0.3242634E-01
