Rasters/example1.asc
NCOLS      1022
NROWS       244
XLLCENTER          2.613020
YLLCENTER        -94.812798
CELLSIZE           0.400
NODATA_VALUE     -9999.0
[rows 192 to 215 of 244, columns 540 to 593 of 1022]
0.4344586 0.3823347 0.3342593 0.2894473 0.2442786 0.2054927 0.1743431 0.1527593 0.1398630 0.1324745 0.1323694 0.1436893 0.1604933 0.1707407 0.1728561 0.1729766 0.1733254 0.1820841 0.1972609 0.2126017 0.2241551 0.2306208 0.2380910 0.2454836 0.2535041 0.2612301 0.2674697 0.2725169 0.2771713 0.2802941 0.2810772 0.2801156 0.2774734 0.2731228 0.2671017 0.2610759 0.2540577 0.2437821 0.2308690 0.2176004 0.2057012 0.1947930 0.1841193 0.1730452 0.1612926 0.1495482 0.1380584 0.1267003 0.1165787 0.1074507 0.9924187E-01 0.9288629E-01 0.8814253E-01 0.8494202E-01
0.4519502 0.4068411 0.3655053 0.3272953 0.2898299 0.2571546 0.2298780 0.2095924 0.1953795 0.1856795 0.1828289 0.1896423 0.2005031 0.2047519 0.2034283 0.2039912 0.2100172 0.2240729 0.2400140 0.2571107 0.2700326 0.2746143 0.2788144 0.2831107 0.2883942 0.2925597 0.2956898 0.2976183 0.2982460 0.2977771 0.2948546 0.2901303 0.2841387 0.2770372 0.2702098 0.2640749 0.2560296 0.2448860 0.2316176 0.2180935 0.2054754 0.1932822 0.1805581 0.1670316 0.1533783 0.1405693 0.1288492 0.1181844 0.1086949 0.1003301 0.9374275E-01 0.8884715E-01 0.8507231E-01 0.8295945E-01
0.4615161 0.4220721 0.3866715 0.3532834 0.3213191 0.2954419 0.2752194 0.2611452 0.2499658 0.2399475 0.2347347 0.2376511 0.2459473 0.2453310 0.2374177 0.2306910 0.2406185 0.2598742 0.2772675 0.2954170 0.3028013 0.3041189 0.3031485 0.3018664 0.3019501 0.3007634 0.2992518 0.2964578 0.2926379 0.2886825 0.2831484 0.2759682 0.2675513 0.2587155 0.2519871 0.2459427 0.2378518 0.2286610 0.2191137 0.2089592 0.1985933 0.1882974 0.1767021 0.1633933 0.1496985 0.1372313 0.1259514 0.1158482 0.1073472 0.1003594 0.9494177E-01 0.9096197E-01 0.8811474E-01 0.8670678E-01
0.4668121 0.4306309 0.3971368 0.3639072 0.3321474 0.3078556 0.2902391 0.2789963 0.2701789 0.2620096 0.2582568 0.2622548 0.2734194 0.2779382 0.2671157 0.2618393 0.2763324 0.2924803 0.3077978 0.3167494 0.3137860 0.3101302 0.3041398 0.2977957 0.2919610 0.2850767 0.2774322 0.2689758 0.2607701 0.2532906 0.2458727 0.2378887 0.2291094 0.2206583 0.2145220 0.2093621 0.2038288 0.1996794 0.1954361 0.1903035 0.1854712 0.1795521 0.1717414 0.1618480 0.1508135 0.1402664 0.1297749 0.1204047 0.1126862 0.1060612 0.1010951 0.9762720E-01 0.9535553E-01 0.9456507E-01
0.4697468 0.4358979 0.4027951 0.3673519 0.3328622 0.3071772 0.2882452 0.2759080 0.2667408 0.2596102 0.2570228 0.2590099 0.2699641 0.2808000 0.2742295 0.2811859 0.2988731 0.3037744 0.3063603 0.3036919 0.2982279 0.2914482 0.2833989 0.2749392 0.2664417 0.2558705 0.2431402 0.2305751 0.2184906 0.2073298 0.1972373 0.1880926 0.1797933 0.1729677 0.1686964 0.1656799 0.1636544 0.1647231 0.1660846 0.1684880 0.1707668 0.1683253 0.1635826 0.1577067 0.1506844 0.1424539 0.1336017 0.1262641 0.1196109 0.1133964 0.1095084 0.1072368 0.1054788 0.1045145
0.4726314 0.4410540 0.4078065 0.3696289 0.3317904 0.3031840 0.2804785 0.2655029 0.2562593 0.2495813 0.2460750 0.2431826 0.2478981 0.2585183 0.2600354 0.2720344 0.2878033 0.2878647 0.2836905 0.2791036 0.2741186 0.2653883 0.2545446 0.2444929 0.2362040 0.2239408 0.2091023 0.1953361 0.1811881 0.1675234 0.1555754 0.1449608 0.1351845 0.1277682 0.1252750 0.1251184 0.1260429 0.1306858 0.1373104 0.1456479 0.1517156 0.1526254 0.1514512 0.1487550 0.1448840 0.1398555 0.1349806 0.1307436 0.1261945 0.1220258 0.1194057 0.1179707 0.1160618 0.1135776
0.4761945 0.4473964 0.4142578 0.3739686 0.3334305 0.3007565 0.2733814 0.2547863 0.2438264 0.2359200 0.2301099 0.2240048 0.2224746 0.2327065 0.2439903 0.2557115 0.2655185 0.2650126 0.2617716 0.2580240 0.2538637 0.2467183 0.2351362 0.2250121 0.2160464 0.2026610 0.1879735 0.1735825 0.1580803 0.1433845 0.1315093 0.1198936 0.1079466 0.9921259E-01 0.9594389E-01 0.9593594E-01 0.9795275E-01 0.1034467 0.1105152 0.1185326 0.1254568 0.1306435 0.1348668 0.1368469 0.1370567 0.1366660 0.1364442 0.1352669 0.1333483 0.1313424 0.1291923 0.1276500 0.1250252 0.1206396
0.4803502 0.4549877 0.4229799 0.3815908 0.3394915 0.3039480 0.2725539 0.2494022 0.2338642 0.2228396 0.2152268 0.2089307 0.2067139 0.2204620 0.2384229 0.2462234 0.2497318 0.2496551 0.2473583 0.2433753 0.2390678 0.2325395 0.2242657 0.2155121 0.2026903 0.1876827 0.1733516 0.1573239 0.1407914 0.1269186 0.1153619 0.1039133 0.9317354E-01 0.8571781E-01 0.8174978E-01 0.8086314E-01 0.8279767E-01 0.8665014E-01 0.9081479E-01 0.9602347E-01 0.1023667 0.1102104 0.1187513 0.1256179 0.1307555 0.1344941 0.1369216 0.1373105 0.1369592 0.1362102 0.1344441 0.1324560 0.1290884 0.1240501
0.4859114 0.4646026 0.4342340 0.3924032 0.3494148 0.3116643 0.2772906 0.2513718 0.2336928 0.2221469 0.2161935 0.2125051 0.2169595 0.2314078 0.2406078 0.2426761 0.2435280 0.2421843 0.2386686 0.2334203 0.2266288 0.2182251 0.2104875 0.2004397 0.1854024 0.1699880 0.1552725 0.1391999 0.1242340 0.1122438 0.1018096 0.9284826E-01 0.8558145E-01 0.8059835E-01 0.7806305E-01 0.7815971E-01 0.8111934E-01 0.8481903E-01 0.8770650E-01 0.9090404E-01 0.9570614E-01 0.1029117 0.1111250 0.1190844 0.1263266 0.1317615 0.1352339 0.1364242 0.1366425 0.1362927 0.1346656 0.1319882 0.1281237 0.1233766
0.4921812 0.4752758 0.4473196 0.4068475 0.3646118 0.3253991 0.2892214 0.2623451 0.2448008 0.2343626 0.2287755 0.2253710 0.2340956 0.2439651 0.2427023 0.2408149 0.2380932 0.2337550 0.2277807 0.2203546 0.2115696 0.2020566 0.1914828 0.1789240 0.1652498 0.1516631 0.1380698 0.1250275 0.1136503 0.1039300 0.9630595E-01 0.9064007E-01 0.8604215E-01 0.8333057E-01 0.8327763E-01 0.8571697E-01 0.9053235E-01 0.9487936E-01 0.9808132E-01 0.1015023 0.1051405 0.1096746 0.1149380 0.1208498 0.1266354 0.1318385 0.1361422 0.1376905 0.1369945 0.1353804 0.1330613 0.1299758 0.1260519 0.1214754
0.4984345 0.4856263 0.4613824 0.4244474 0.3846132 0.3448813 0.3070739 0.2792277 0.2608677 0.2488997 0.2401225 0.2314621 0.2357884 0.2426301 0.2381333 0.2326329 0.2259089 0.2181694 0.2097588 0.2009622 0.1918988 0.1823540 0.1720511 0.1612034 0.1515822 0.1418743 0.1317966 0.1219581 0.1128098 0.1051088 0.9899181E-01 0.9449289E-01 0.9238082E-01 0.9333479E-01 0.9599226E-01 0.9996531E-01 0.1048034 0.1087727 0.1109030 0.1153765 0.1203149 0.1230347 0.1260153 0.1292168 0.1324380 0.1366181 0.1401744 0.1403051 0.1383086 0.1353981 0.1322664 0.1290915 0.1253062 0.1209119
0.5042856 0.4942309 0.4736442 0.4407341 0.4034377 0.3628798 0.3218756 0.2905315 0.2684476 0.2519515 0.2386194 0.2276552 0.2286266 0.2309305 0.2239739 0.2160042 0.2068440 0.1972202 0.1878885 0.1791673 0.1710346 0.1630784 0.1565440 0.1503692 0.1449412 0.1393972 0.1327657 0.1254414 0.1180807 0.1116934 0.1060378 0.1033642 0.1049761 0.1089226 0.1125482 0.1159266 0.1193410 0.1215995 0.1216692 0.1261104 0.1323654 0.1345692 0.1361494 0.1377136 0.1394007 0.1420415 0.1432539 0.1417783 0.1397845 0.1366145 0.1330988 0.1300218 0.1264673 0.1223755
0.5096022 0.5009366 0.4832814 0.4539906 0.4187744 0.3765379 0.3305655 0.2934809 0.2662150 0.2450649 0.2304012 0.2220532 0.2160457 0.2092427 0.2020754 0.1944644 0.1859607 0.1772275 0.1687967 0.1613729 0.1555224 0.1506443 0.1476468 0.1455557 0.1427958 0.1392591 0.1349298 0.1300931 0.1255777 0.1218851 0.1188917 0.1194616 0.1225984 0.1252933 0.1274706 0.1294720 0.1317716 0.1320415 0.1313417 0.1333156 0.1377035 0.1411062 0.1423988 0.1430714 0.1434421 0.1448989 0.1450149 0.1435055 0.1422458 0.1391098 0.1356535 0.1327347 0.1293865 0.1256350
0.5148616 0.5061206 0.4902634 0.4641814 0.4312260 0.3884666 0.3385074 0.2950441 0.2594519 0.2319168 0.2149061 0.2025550 0.1902145 0.1808799 0.1756447 0.1707541 0.1654114 0.1595263 0.1534268 0.1483368 0.1450715 0.1430322 0.1415700 0.1415230 0.1417238 0.1411102 0.1403823 0.1388699 0.1372488 0.1358733 0.1347009 0.1358344 0.1375257 0.1380560 0.1385803 0.1393018 0.1406214 0.1405132 0.1391923 0.1379876 0.1401413 0.1443979 0.1461908 0.1463052 0.1456275 0.1485500 0.1493778 0.1473811 0.1462448 0.1431243 0.1399188 0.1368060 0.1336810 0.1301903
0.5215351 0.5121915 0.4977545 0.4748969 0.4443148 0.4019188 0.3491899 0.2998096 0.2531790 0.2151790 0.1909395 0.1723534 0.1601843 0.1534023 0.1496534 0.1472650 0.1455714 0.1430746 0.1403086 0.1379261 0.1364406 0.1358650 0.1356440 0.1369271 0.1389782 0.1410132 0.1433254 0.1447506 0.1449931 0.1441605 0.1424118 0.1437739 0.1458407 0.1453023 0.1448432 0.1451674 0.1459245 0.1474286 0.1468808 0.1441060 0.1440877 0.1465271 0.1487263 0.1493792 0.1497626 0.1549341 0.1551455 0.1510604 0.1500619 0.1481522 0.1459600 0.1433883 0.1411369 0.1386531
0.5302013 0.5199290 0.5064437 0.4865682 0.4589467 0.4187634 0.3663537 0.3146724 0.2600651 0.2114125 0.1776442 0.1518411 0.1368221 0.1286677 0.1252764 0.1247630 0.1250723 0.1249906 0.1250212 0.1249025 0.1253466 0.1262368 0.1267784 0.1280260 0.1301776 0.1330525 0.1361150 0.1389763 0.1410324 0.1411160 0.1387432 0.1412000 0.1449984 0.1439307 0.1432333 0.1440513 0.1458962 0.1490733 0.1493637 0.1463824 0.1449141 0.1457293 0.1481842 0.1504076 0.1531970 0.1597196 0.1607950 0.1574786 0.1578725 0.1580887 0.1575885 0.1564070 0.1552321 0.1541233
0.5409888 0.5298858 0.5167172 0.4990707 0.4749666 0.4395852 0.3914412 0.3413511 0.2828183 0.2259792 0.1811764 0.1445798 0.1221884 0.1088484 0.1037227 0.1031547 0.1035447 0.1044246 0.1057910 0.1070986 0.1086831 0.1098969 0.1106412 0.1116389 0.1132791 0.1161297 0.1194781 0.1233580 0.1270371 0.1278085 0.1243791 0.1273222 0.1323982 0.1311523 0.1303862 0.1315651 0.1342389 0.1362167 0.1358899 0.1342994 0.1335002 0.1336381 0.1359000 0.1400201 0.1459141 0.1551127 0.1599976 0.1609482 0.1639508 0.1666051 0.1679022 0.1673734 0.1659299 0.1650892
0.5539166 0.5420254 0.5289659 0.5128557 0.4918673 0.4618089 0.4199681 0.3740151 0.3161334 0.2551396 0.2003212 0.1534531 0.1239597 0.1041319 0.9313755E-01 0.8857063E-01 0.8678506E-01 0.8638485E-01 0.8692033E-01 0.8796152E-01 0.8915378E-01 0.9011667E-01 0.9140299E-01 0.9283873E-01 0.9484067E-01 0.9798179E-01 0.1015822 0.1057403 0.1091291 0.1091497 0.1068845 0.1090739 0.1111921 0.1088149 0.1055966 0.1046586 0.1056803 0.1051920 0.1046131 0.1045288 0.1044180 0.1034750 0.1047681 0.1093895 0.1166168 0.1265089 0.1342058 0.1402075 0.1476650 0.1537667 0.1568069 0.1573470 0.1563794 0.1571032
0.5695336 0.5563898 0.5428217 0.5273894 0.5086387 0.4837238 0.4495373 0.4098963 0.3566111 0.2961786 0.2329934 0.1746762 0.1345604 0.1047943 0.8709672E-01 0.7797590E-01 0.7293967E-01 0.7051834E-01 0.7003190E-01 0.7065503E-01 0.7154293E-01 0.7262533E-01 0.7421516E-01 0.7594811E-01 0.7830758E-01 0.8174578E-01 0.8481111E-01 0.8786033E-01 0.9037394E-01 0.8955976E-01 0.8981825E-01 0.9052798E-01 0.8730354E-01 0.7646552E-01 0.7066147E-01 0.7248304E-01 0.7036037E-01 0.6780723E-01 0.6457834E-01 0.6207061E-01 0.6106105E-01 0.5922157E-01 0.5827018E-01 0.6150360E-01 0.6684786E-01 0.7447155E-01 0.7957671E-01 0.8980532E-01 0.1057497 0.1142510 0.1192818 0.1231499 0.1249676 0.1270450
0.5875033 0.5731208 0.5586564 0.5433173 0.5258927 0.5047998 0.4775119 0.4454633 0.3999489 0.3465284 0.2823708 0.2168746 0.1637749 0.1190824 0.9261141E-01 0.7830974E-01 0.6993328E-01 0.6468193E-01 0.6166040E-01 0.6050688E-01 0.6028577E-01 0.6066219E-01 0.6168413E-01 0.6323526E-01 0.6527072E-01 0.6726588E-01 0.6874548E-01 0.7075791E-01 0.7302104E-01 0.7291875E-01 0.7346921E-01 0.7308066E-01 0.6661978E-01 0.5175379E-01 0.4556936E-01 0.4843126E-01 0.4509535E-01 0.4128896E-01 0.3406126E-01 0.2746288E-01 0.2589013E-01 0.2313654E-01 0.2080705E-01 0.2239807E-01 0.2435072E-01 0.2640390E-01 0.2692834E-01 0.3858184E-01 0.5727187E-01 0.6095707E-01 0.6916501E-01 0.7652771E-01 0.7991898E-01 0.7718980E-01
0.6079591 0.5926070 0.5770487 0.5613093 0.5442685 0.5252788 0.5028186 0.4772946 0.4410795 0.3977342 0.3378618 0.2717604 0.2100359 0.1491771 0.1079873 0.8377373E-01 0.7036199E-01 0.6231606E-01 0.5632634E-01 0.5267813E-01 0.5087571E-01 0.5028187E-01 0.5053180E-01 0.5132050E-01 0.5248006E-01 0.5358487E-01 0.5457554E-01 0.5640450E-01 0.5868161E-01 0.6030731E-01 0.6145868E-01 0.6114874E-01 0.5575870E-01 0.4708492E-01 0.4091159E-01 0.3683582E-01 0.3221976E-01 0.2718243E-01 0.2124077E-01 0.1661100E-01 0.1333285E-01 0.9646018E-02 0.8906090E-02 0.9144686E-02 0.7357669E-02 0.4883466E-02 0.5286148E-02 -9999.000 0.1652573E-01 0.2095008E-01 0.3025205E-01 0.3889911E-01 0.4188546E-01 0.3559543E-01
0.6293270 0.6138117 0.5971728 0.5805822 0.5632962 0.5453920 0.5260089 0.5054421 0.4783089 0.4461993 0.3968129 0.3387918 0.2784203 0.2080951 0.1483711 0.1042173 0.7614829E-01 0.6139316E-01 0.5247678E-01 0.4632975E-01 0.4253281E-01 0.4066576E-01 0.3967945E-01 0.3908260E-01 0.3913315E-01 0.4024888E-01 0.4165477E-01 0.4326103E-01 0.4537218E-01 0.4784665E-01 0.5002969E-01 0.5138316E-01 0.5047261E-01 0.4599165E-01 0.4041779E-01 0.3394360E-01 0.2739653E-01 0.2164220E-01 0.1795557E-01 0.1534629E-01 0.1094828E-01 0.7969309E-02 0.7580633E-02 0.6175145E-02 0.3073285E-02 0.1216815E-02 0.1586402E-02 -9999.000 0.2254447E-02 0.5726067E-02 0.1437574E-01 0.2428903E-01 0.2727579E-01 0.2285955E-01
0.6497905 0.6359262 0.6189910 0.6014749 0.5834302 0.5656493 0.5477286 0.5303400 0.5104255 0.4882917 0.4524020 0.4080754 0.3564032 0.2893698 0.2237998 0.1638595 0.1142914 0.8158237E-01 0.6206282E-01 0.4986973E-01 0.4247621E-01 0.3836814E-01 0.3602048E-01 0.3449735E-01 0.3361389E-01 0.3447236E-01 0.3561470E-01 0.3618514E-01 0.3758766E-01 0.3963453E-01 0.4204354E-01 0.4467471E-01 0.4606591E-01 0.4444440E-01 0.4067914E-01 0.3519034E-01 0.2861104E-01 0.2277922E-01 0.1816044E-01 0.1450392E-01 0.1112168E-01 0.8645956E-02 0.6474263E-02 0.3989783E-02 0.2012911E-02 -9999.000 0.1807959E-02 -9999.000 -9999.000 0.4232332E-02 0.1319256E-01 0.2400057E-01 0.2710405E-01 0.2200264E-01
0.6662120 0.6568695 0.6414437 0.6233571 0.6041044 0.5853952 0.5672628 0.5510516 0.5354525 0.5203335 0.4965613 0.4663983 0.4277829 0.3747876 0.3193827 0.2618059 0.2039198 0.1547735 0.1180195 0.9150148E-01 0.7289996E-01 0.6032799E-01 0.5184552E-01 0.4625052E-01 0.4289576E-01 0.4149768E-01 0.4054215E-01 0.3974245E-01 0.4052028E-01 0.4315998E-01 0.4458352E-01 0.4485534E-01 0.4591441E-01 0.4594668E-01 0.4459681E-01 0.4125831E-01 0.3610207E-01 0.3037155E-01 0.2481826E-01 0.1977198E-01 0.1508393E-01 0.1092342E-01 0.7112859E-02 0.4448692E-02 -9999.000 0.4900403E-03 0.7761994E-03 -9999.000 -9999.000 0.7602066E-02 0.1605884E-01 0.2719354E-01 0.2917983E-01 0.2155242E-01
